1.9140305519104004
2.5197486877441406
3.184295177459717
3.8565165996551514
4.484181880950928
5.133368968963623
5.763076543807983
6.402962684631348
6.974706172943115
7.636757850646973
8.120864391326904
8.32533049583435
9.177382469177246
9.600830078125
10.290422201156616
10.92068338394165
12.253465414047241
12.543686628341675
12.84692120552063
13.14339017868042
13.486859560012817
13.770080089569092
14.090917825698853
14.381551027297974
14.780540227890015
16.004183053970337
17.390543699264526
18.63245463371277
19.879626035690308
21.213236570358276
22.490063667297363
23.665870904922485
24.859615325927734
26.136610746383667
27.406837701797485
28.004149913787842
28.47419762611389
28.76983118057251
29.096972703933716
29.42009425163269
29.734253883361816
30.099310874938965
30.689275979995728
31.277138471603394
32.65154838562012
33.8658561706543
34.5135498046875
34.982219219207764
35.18068814277649
36.132585287094116
36.457656383514404
37.07799696922302
37.77920484542847
38.80946660041809
39.054816484451294
39.9126935005188
40.26440715789795
41.19080710411072
41.548168420791626
43.922184467315674
44.2230863571167
44.49154591560364
44.79192328453064
45.0752112865448
45.411622047424316
46.00906991958618
46.37305045127869
46.68122696876526
47.02235674858093
47.33616042137146
47.637054681777954
47.992103815078735
48.58902072906494
49.29764008522034
49.60928773880005
49.90545678138733
50.19022560119629
50.37091279029846
50.552649974823
51.768213748931885
52.0857834815979
52.406938791275024
52.73003792762756
52.91053891181946
53.09903168678284
54.093565225601196
54.38579845428467
54.68298959732056
55.277830839157104
55.58540749549866
56.24301028251648
56.45239233970642
56.84534168243408
57.52590751647949
58.14627695083618
59.433618783950806
60.69654297828674
61.321906328201294
61.81570649147034
62.01613140106201
62.856894731521606
63.26479148864746
63.930328130722046
64.54071831703186
65.85704135894775
66.74867272377014
67.1097366809845
68.0223650932312
68.42462110519409
69.68429064750671
71.02106523513794
71.66171073913574
71.93707704544067
72.27733826637268
73.5124180316925
73.82358479499817
74.119793176651
74.39405846595764
74.72916436195374
75.93466377258301
76.34799456596375
76.66715097427368
77.10488820075989
77.38915205001831
78.67672300338745
78.97196388244629
79.26360130310059
79.58409857749939
79.90730595588684
81.1275315284729
81.51049590110779
83.74538207054138
84.42346334457397
85.03816890716553
86.41170382499695
87.64567041397095
89.3871283531189
92.89710140228271
